2.7180E-2
2.7180E-2
2.7180E-2
2.7180E-2
3.6983E-2
3.9062E-2
3.9062E-2
3.9062E-2
3.9062E-2
3.9062E-2
3.9062E-2
4.0684E-2
4.0684E-2
4.0684E-2
4.0684E-2
4.0684E-2
4.0684E-2
4.0684E-2
4.0684E-2
4.2938E-2
4.4792E-2
4.4792E-2
4.4792E-2
4.6497E-2
2.7185E-2
2.7185E-2
2.7185E-2
2.7185E-2
2.7185E-2
2.7185E-2
2.7185E-2
2.7185E-2
2.7185E-2
2.7185E-2
2.7185E-2
2.7185E-2
2.7185E-2
2.7185E-2
2.7185E-2
2.7185E-2
2.7185E-2
2.7185E-2
2.7185E-2
2.7185E-2
2.7185E-2
2.7185E-2
2.7185E-2
3.2530E-2
3.4375E-2
3.4375E-2
3.4375E-2
3.4375E-2
3.4375E-2
3.4375E-2
3.6496E-2
4.3893E-2
4.3893E-2
4.3893E-2
4.3893E-2
4.4993E-2
4.4993E-2
4.4993E-2
4.4993E-2
4.4993E-2
4.4993E-2
4.4993E-2
4.4993E-2
4.4993E-2
4.4993E-2
4.4993E-2
4.6114E-2
4.6114E-2
4.6240E-2
4.6240E-2
4.6240E-2
4.6514E-2
4.6514E-2
4.6514E-2
4.6514E-2
4.6691E-2
4.9184E-2
4.9184E-2
4.9184E-2
1.6526E-3
2.1733E-3
2.1733E-3
2.6729E-3
2.6729E-3
2.6729E-3
3.5252E-3
3.5252E-3
4.0466E-3
4.0829E-3
4.8245E-3
4.8245E-3
5.0559E-3
1.0447E-2
1.0447E-2
1.3085E-2
1.4657E-2
2.4409E-2
2.7842E-2
2.8868E-2
2.9382E-2
2.9703E-2
2.9703E-2
2.9723E-2
2.9723E-2
3.0368E-2
3.0420E-2
3.4118E-2
4.1065E-2
4.1065E-2
4.2569E-2
4.2644E-2
4.2644E-2
4.5211E-2
4.5211E-2
0.0000E-100
0.0000E-100
0.0000E-100
0.0000E-100
0.0000E-100
0.0000E-100
0.0000E-100
0.0000E-100
0.0000E-100
0.0000E-100
0.0000E-100
0.0000E-100
0.0000E-100
0.0000E-100
0.0000E-100
0.0000E-100
0.0000E-100
0.0000E-100
0.0000E-100
0.0000E-100
0.0000E-100
0.0000E-100
0.0000E-100
0.0000E-100
0.0000E-100
0.0000E-100
0.0000E-100
0.0000E-100
0.0000E-100
0.0000E-100
0.0000E-100
0.0000E-100
1.0794E-47
9.6901E-46
1.2445E-43
9.4954E-42
2.1140E-39
7.9586E-38
7.9419E-37
2.7669E-36
3.7107E-35
5.8856E-35
4.2578E-34
4.8994E-33
1.2280E-29
9.0382E-29
2.8746E-26
2.8746E-26
3.0238E-26
7.9224E-26
1.1616E-24
2.5761E-24
2.7662E-24
3.8907E-24
1.7616E-23
1.6216E-22
2.0417E-22
5.2784E-22
6.4282E-22
8.1690E-22
1.7116E-21
3.7331E-21
3.9630E-21
4.9899E-21
6.1612E-21
7.1228E-21
8.0154E-21
2.7059E-20
2.7059E-20
4.7737E-20
6.5117E-20
1.1696E-19
1.6490E-19
2.2202E-19
6.9732E-19
7.2320E-19
1.3122E-18
3.5873E-18
3.5873E-18
1.0372E-17
1.0746E-17
2.2833E-17
3.5161E-17
3.6042E-17
6.4338E-17
1.0621E-16
3.6102E-16
4.9432E-16
7.3257E-16
9.5219E-16
1.0170E-15
1.0192E-15
2.5362E-15
2.6085E-15
3.2606E-15
3.2949E-15
3.7868E-15
3.9780E-15
5.0465E-15
5.7717E-15
9.2647E-15
2.2356E-14
2.9417E-14
3.8420E-14
4.4400E-14
5.7869E-14
5.9084E-14
7.5834E-14
7.8693E-14
8.7587E-14
1.0728E-13
1.1226E-13
1.1532E-13
1.7128E-13
1.7128E-13
1.9327E-13
2.0558E-13
2.0558E-13
3.6397E-13
5.8426E-13
6.5518E-13
7.7540E-13
1.3854E-12
1.5800E-12
1.8232E-12
2.1179E-12
2.2013E-12
2.4278E-12
2.6574E-12
2.9353E-12
4.3146E-12
4.6095E-12
5.7601E-12
6.6264E-12
8.6201E-12
8.6480E-12
1.0142E-11
1.1970E-11
1.2036E-11
1.3877E-11
1.3982E-11
1.4287E-11
1.5715E-11
1.5830E-11
1.6525E-11
1.6525E-11
1.7717E-11
1.9688E-11
2.0847E-11
2.3342E-11
3.0404E-11
3.1856E-11
3.8714E-11
4.3712E-11
4.3712E-11
5.9080E-11
6.5287E-11
7.2660E-11
7.9355E-11
1.1196E-10
1.1196E-10
1.2206E-10
1.4901E-10
1.8828E-10
2.3209E-10
2.6971E-10
2.6971E-10
2.6971E-10
3.3590E-10
3.4273E-10
4.4072E-10
4.4072E-10
4.9929E-10
5.0118E-10
1.0901E-9
1.5168E-9
1.6475E-9
1.6874E-9
1.7267E-9
2.1217E-9
2.8279E-9
2.8279E-9
3.0470E-9
3.1309E-9
3.5070E-9
3.5070E-9
3.5070E-9
3.8122E-9
3.8801E-9
4.0725E-9
4.2636E-9
4.2636E-9
4.4656E-9
4.4656E-9
4.8315E-9
5.9806E-9
6.6901E-9
6.9953E-9
7.3812E-9
8.2199E-9
8.2615E-9
8.5741E-9
8.6662E-9
8.6662E-9
8.8366E-9
1.2075E-8
1.2075E-8
1.2745E-8
1.2745E-8
1.4312E-8
1.5145E-8
1.6046E-8
1.7311E-8
2.1986E-8
2.2241E-8
2.2693E-8
2.2693E-8
2.5855E-8
2.6508E-8
2.6508E-8
2.9930E-8
3.1458E-8
4.1048E-8
4.5473E-8
4.7032E-8
5.4131E-8
6.2611E-8
6.7220E-8
6.9819E-8
7.9871E-8
8.0013E-8
8.2787E-8
8.3685E-8
9.0644E-8
9.7609E-8
1.3014E-7
1.4711E-7
1.4711E-7
2.0279E-7
2.0279E-7
2.1134E-7
2.3521E-7
2.6260E-7
2.6900E-7
2.7543E-7
2.9534E-7
3.0356E-7
3.1050E-7
3.1399E-7
3.3715E-7
3.6066E-7
3.7221E-7
4.1665E-7
4.3263E-7
4.3263E-7
4.3763E-7
4.4549E-7
4.4923E-7
4.5519E-7
4.6707E-7
4.6717E-7
4.7327E-7
5.0571E-7
5.8131E-7
6.0217E-7
6.9606E-7
7.0406E-7
7.0406E-7
7.2894E-7
7.3566E-7
8.3726E-7
8.4555E-7
8.8078E-7
9.0790E-7
9.3144E-7
9.6000E-7
9.6627E-7
1.0226E-6
1.0365E-6
1.0778E-6
1.1274E-6
1.1429E-6
1.1764E-6
1.5767E-6
1.6155E-6
1.6925E-6
1.8951E-6
1.8951E-6
2.1389E-6
2.1772E-6
2.4298E-6
2.4714E-6
2.5350E-6
2.7705E-6
2.7869E-6
2.7869E-6
2.9154E-6
3.9329E-6
4.0561E-6
4.2008E-6
4.3056E-6
4.3096E-6
4.3455E-6
4.4022E-6
4.4310E-6
4.9062E-6
5.3148E-6
5.5144E-6
5.6350E-6
6.2720E-6
6.4328E-6
6.6305E-6
6.6305E-6
6.6921E-6
6.6921E-6
6.9591E-6
7.5940E-6
7.5940E-6
7.6426E-6
9.2259E-6
9.9822E-6
1.0309E-5
1.0573E-5
1.0699E-5
1.0702E-5
1.1281E-5
1.1914E-5
1.2266E-5
1.4346E-5
1.4575E-5
1.5804E-5
1.7485E-5
1.8839E-5
1.8839E-5
1.9160E-5
1.9236E-5
1.9518E-5
2.0359E-5
2.1115E-5
2.2948E-5
2.3342E-5
2.3860E-5
2.3860E-5
2.3860E-5
3.1272E-5
3.1744E-5
3.3700E-5
3.5447E-5
3.5860E-5
3.6166E-5
3.6380E-5
3.7221E-5
4.1020E-5
4.1212E-5
4.3511E-5
4.7088E-5
4.7088E-5
4.7088E-5
4.9781E-5
5.3751E-5
5.3751E-5
5.3751E-5
5.3751E-5
5.5907E-5
5.5907E-5
5.7745E-5
6.1180E-5
6.5150E-5
6.6982E-5
6.7755E-5
6.8223E-5
6.8237E-5
7.3804E-5
7.5570E-5
7.6707E-5
8.0250E-5
9.2521E-5
9.2965E-5
9.3091E-5
9.3091E-5
9.3091E-5
9.3815E-5
9.3932E-5
1.0572E-4
1.1022E-4
1.1631E-4
1.1635E-4
1.1638E-4
1.1638E-4
1.1638E-4
1.2109E-4
1.2276E-4
1.2403E-4
1.2481E-4
1.2591E-4
1.3309E-4
1.3309E-4
1.3309E-4
1.4340E-4
1.4534E-4
1.4534E-4
1.4784E-4
1.4784E-4
1.5379E-4
1.5379E-4
1.5388E-4
1.5483E-4
1.5703E-4
1.5933E-4
1.5958E-4
1.6622E-4
1.6771E-4
1.6886E-4
1.7491E-4
1.7491E-4
1.7491E-4
1.7741E-4
1.7854E-4
1.8145E-4
1.8524E-4
1.8626E-4
1.8945E-4
1.8945E-4
1.9101E-4
1.9354E-4
1.9589E-4
1.9589E-4
1.9653E-4
1.9863E-4
2.1752E-4
2.1896E-4
2.1896E-4
2.1896E-4
2.2052E-4
2.2052E-4
2.2738E-4
2.4442E-4
2.4442E-4
2.4442E-4
2.5571E-4
2.5571E-4
2.5571E-4
2.5571E-4
2.5717E-4
2.6282E-4
2.6328E-4
2.6480E-4
2.7446E-4
2.7651E-4
2.7651E-4
2.7651E-4
2.8218E-4
2.8219E-4
3.0463E-4
3.0892E-4
3.2579E-4
3.3290E-4
3.4440E-4
3.4722E-4
3.5118E-4
3.5752E-4
3.5814E-4
3.5814E-4
3.5814E-4
3.6881E-4
3.7632E-4
3.8693E-4
3.9193E-4
3.9193E-4
3.9708E-4
4.0828E-4
4.1558E-4
4.1558E-4
4.1558E-4
4.1777E-4
4.4318E-4
4.5907E-4
4.6110E-4
4.7298E-4
4.7298E-4
4.7298E-4
4.7447E-4
4.8948E-4
4.8948E-4
5.2447E-4
5.2447E-4
5.2447E-4
5.2563E-4
5.2563E-4
5.2563E-4
5.2563E-4
5.4019E-4
5.5999E-4
5.6495E-4
5.6583E-4
5.6583E-4
5.7027E-4
6.0725E-4
6.2435E-4
6.3568E-4
6.3568E-4
6.3568E-4
6.3568E-4
6.3568E-4
6.3568E-4
6.3568E-4
6.6176E-4
6.8006E-4
6.8006E-4
6.9462E-4
6.9902E-4
7.1382E-4
7.2406E-4
7.2649E-4
7.4587E-4
7.8578E-4
8.0037E-4
8.0445E-4
8.1888E-4
8.3333E-4
8.7004E-4
8.7004E-4
8.7004E-4
8.7779E-4
8.8439E-4
8.9441E-4
8.9441E-4
8.9548E-4
8.9548E-4
9.0395E-4
9.1786E-4
9.1786E-4
9.1786E-4
9.1786E-4
9.1786E-4
9.2350E-4
9.2350E-4
9.2350E-4
9.6959E-4
9.9458E-4
9.9838E-4
1.0202E-3
1.0357E-3
1.0995E-3
1.1100E-3
1.1659E-3
1.1659E-3
1.1675E-3
1.1733E-3
1.1993E-3
1.1993E-3
1.2084E-3
1.2228E-3
1.2357E-3
1.2976E-3
1.3233E-3
1.3233E-3
1.3389E-3
1.4148E-3
1.4327E-3
1.4377E-3
1.4377E-3
1.4377E-3
1.5075E-3
1.5075E-3
1.5075E-3
1.5105E-3
1.5562E-3
1.5697E-3
1.5742E-3
1.5838E-3
1.5897E-3
1.5897E-3
1.5897E-3
1.6077E-3
1.6372E-3
1.6589E-3
1.6626E-3
1.6669E-3
1.7185E-3
1.7520E-3
1.7796E-3
1.7810E-3
1.7810E-3
1.8587E-3
1.8587E-3
1.8587E-3
1.8587E-3
1.8678E-3
1.8678E-3
1.9051E-3
1.9051E-3
1.9631E-3
1.9737E-3
2.0419E-3
2.0419E-3
2.0860E-3
2.0860E-3
2.0860E-3
2.0924E-3
2.1419E-3
2.1567E-3
2.1707E-3
2.2547E-3
2.3186E-3
2.5566E-3
2.6734E-3
2.6943E-3
2.7699E-3
2.7999E-3
2.7999E-3
2.7999E-3
2.8029E-3
2.8029E-3
2.8029E-3
2.8109E-3
2.8290E-3
2.8448E-3
2.8798E-3
2.9180E-3
2.9180E-3
2.9464E-3
2.9464E-3
2.9594E-3
3.0005E-3
3.0558E-3
3.0905E-3
3.0905E-3
3.1077E-3
3.2926E-3
3.2926E-3
3.2992E-3
3.3348E-3
3.4816E-3
3.4998E-3
3.5789E-3
3.5789E-3
3.5855E-3
3.6246E-3
3.6921E-3
3.6921E-3
3.8024E-3
3.8393E-3
3.9803E-3
4.0408E-3
4.1046E-3
4.1118E-3
4.1118E-3
4.1538E-3
4.1538E-3
4.1538E-3
4.4661E-3
4.5267E-3
4.6831E-3
4.6831E-3
4.7353E-3
4.8245E-3
4.9208E-3
4.9208E-3
4.9782E-3
5.3862E-3
5.4711E-3
5.4711E-3
5.4711E-3
5.5620E-3
5.5620E-3
5.5620E-3
5.6533E-3
5.6909E-3
5.6909E-3
5.6909E-3
5.7013E-3
5.7843E-3
5.8798E-3
5.8798E-3
5.8798E-3
6.0019E-3
6.2107E-3
6.3184E-3
6.3601E-3
6.3601E-3
6.4354E-3
6.5345E-3
6.5948E-3
6.5948E-3
6.5948E-3
6.7350E-3
6.8078E-3
7.0195E-3
7.0506E-3
7.0506E-3
7.1140E-3
7.1140E-3
7.1314E-3
7.1356E-3
7.1356E-3
7.1356E-3
7.2547E-3
7.3715E-3
7.5110E-3
7.5110E-3
7.5110E-3
7.6514E-3
7.9594E-3
7.9594E-3
8.0122E-3
8.2285E-3
8.2349E-3
8.2349E-3
8.2349E-3
8.2349E-3
8.3371E-3
8.4250E-3
8.4629E-3
8.4629E-3
8.4629E-3
8.4629E-3
8.4629E-3
8.4629E-3
8.4629E-3
8.4629E-3
8.5517E-3
8.5517E-3
8.5517E-3
8.5517E-3
8.6078E-3
8.7126E-3
8.7704E-3
8.7704E-3
8.7704E-3
8.7704E-3
8.7704E-3
8.7704E-3
8.7704E-3
8.7704E-3
8.9126E-3
8.9126E-3
8.9126E-3
8.9126E-3
9.3673E-3
9.3951E-3
9.3951E-3
9.4133E-3
9.4201E-3
9.4201E-3
9.4251E-3
9.7790E-3
9.7790E-3
9.7790E-3
9.8116E-3
9.9364E-3
9.9364E-3
9.9364E-3
9.9364E-3
9.9364E-3
9.9364E-3
9.9364E-3
9.9824E-3
1.0176E-2
1.0312E-2
1.0958E-2
1.1175E-2
1.1175E-2
1.1308E-2
1.1389E-2
1.1389E-2
1.1389E-2
1.1389E-2
1.1389E-2
1.1389E-2
1.1389E-2
1.1389E-2
1.1463E-2
1.2016E-2
1.2447E-2
1.2447E-2
1.2460E-2
1.2750E-2
1.2802E-2
1.2802E-2
1.3114E-2
1.3129E-2
1.3260E-2
1.3260E-2
1.3453E-2
1.3503E-2
1.3621E-2
1.3643E-2
1.4026E-2
1.4026E-2
1.4026E-2
1.4026E-2
1.4796E-2
1.4796E-2
1.4796E-2
1.4796E-2
1.4796E-2
1.4796E-2
1.4796E-2
1.5282E-2
1.5282E-2
1.5282E-2
1.5282E-2
1.5282E-2
1.5286E-2
1.5286E-2
1.5286E-2
1.5286E-2
1.6538E-2
1.6538E-2
1.6538E-2
1.6538E-2
1.6538E-2
1.6538E-2
1.7023E-2
1.7337E-2
1.7478E-2
1.7522E-2
1.8015E-2
1.8015E-2
1.8015E-2
1.8188E-2
1.8276E-2
1.8348E-2
1.8500E-2
1.8500E-2
1.8500E-2
1.8500E-2
1.8545E-2
1.8545E-2
1.8545E-2
1.8545E-2
1.8545E-2
1.8545E-2
1.8545E-2
1.8545E-2
1.8545E-2
1.8862E-2
1.9639E-2
2.0616E-2
2.0616E-2
2.0616E-2
2.0616E-2
2.0835E-2
2.0835E-2
2.0835E-2
2.0858E-2
2.0858E-2
2.1557E-2
2.1557E-2
2.1736E-2
2.2180E-2
2.2180E-2
2.2180E-2
2.2180E-2
2.2180E-2
2.2180E-2
2.2180E-2
2.2180E-2
2.2180E-2
2.2180E-2
2.2180E-2
2.2180E-2
2.2180E-2
2.2180E-2
2.2180E-2
2.2180E-2
2.2180E-2
2.2180E-2
2.2180E-2
2.2180E-2
2.2180E-2
2.2180E-2
2.2180E-2
2.2180E-2
2.2180E-2
2.2180E-2
2.2180E-2
2.2180E-2
2.2180E-2
2.2180E-2
2.2180E-2
2.2180E-2
2.3072E-2
2.3072E-2
2.3203E-2
2.3302E-2
2.3373E-2
2.3423E-2
2.3672E-2
2.3838E-2
2.3838E-2
2.3838E-2
2.3838E-2
2.3838E-2
2.3898E-2
2.3976E-2
2.3976E-2
2.3976E-2
2.3976E-2
2.3976E-2
2.3976E-2
2.3976E-2
2.3976E-2
2.3976E-2
2.3976E-2
2.3976E-2
2.3976E-2
2.3976E-2
2.3976E-2
2.3976E-2
2.3976E-2
2.3976E-2
2.3976E-2
2.3976E-2
2.3976E-2
2.3976E-2
2.3976E-2
2.3976E-2
2.3976E-2
2.3976E-2
2.3976E-2
2.3976E-2
2.3976E-2
2.3976E-2
2.3976E-2
2.3976E-2
2.3976E-2
2.3976E-2
2.3976E-2
2.4102E-2
2.4135E-2
2.5243E-2
2.5243E-2
2.5470E-2
2.5933E-2
2.5933E-2
2.5933E-2
2.5933E-2
2.5933E-2
2.6341E-2
2.6654E-2
2.6654E-2
2.6654E-2
2.6654E-2
2.6654E-2
2.6654E-2
2.6654E-2
2.6654E-2
2.6654E-2
2.6654E-2
2.6849E-2
2.7352E-2
2.7699E-2
2.8430E-2
2.8968E-2
2.8968E-2
2.8968E-2
2.8968E-2
2.8968E-2
2.9843E-2
2.9843E-2
2.9843E-2
2.9843E-2
3.0065E-2
3.0065E-2
3.0065E-2
3.0065E-2
3.0065E-2
3.0065E-2
3.0065E-2
3.0065E-2
3.0065E-2
3.0795E-2
3.0795E-2
3.0795E-2
3.0795E-2
3.0939E-2
3.0939E-2
3.2013E-2
3.2013E-2
3.2013E-2
3.2744E-2
3.2992E-2
3.2992E-2
3.3486E-2
3.4315E-2
3.4315E-2
3.4315E-2
3.4315E-2
3.5601E-2
3.6016E-2
3.6274E-2
3.6563E-2
3.6633E-2
3.6633E-2
3.6633E-2
3.6633E-2
3.7043E-2
3.7043E-2
3.8615E-2
3.8615E-2
3.8615E-2
3.9659E-2
3.9659E-2
3.9659E-2
3.9659E-2
3.9659E-2
3.9808E-2
3.9808E-2
3.9808E-2
3.9954E-2
4.0855E-2
4.0855E-2
4.0855E-2
4.0855E-2
4.0855E-2
4.1139E-2
4.1139E-2
4.1139E-2
4.1139E-2
4.1610E-2
4.1771E-2
4.1771E-2
4.1771E-2
4.1771E-2
4.1771E-2
4.1771E-2
4.1855E-2
4.2006E-2
4.2006E-2
4.2187E-2
4.3492E-2
4.3504E-2
4.3504E-2
4.3504E-2
4.3504E-2
4.3504E-2
4.4380E-2
4.4711E-2
4.4711E-2
4.4711E-2
4.4711E-2
4.4711E-2
4.4711E-2
4.4711E-2
4.6452E-2
4.7286E-2
4.7609E-2
4.7695E-2
4.8663E-2
4.8663E-2
4.8663E-2
4.8663E-2
4.9075E-2
4.9460E-2
4.9777E-2
4.9777E-2
4.9777E-2
4.9777E-2
4.9777E-2
4.9777E-2
4.9777E-2
