0.0000E-100
0.0000E-100
0.0000E-100
0.0000E-100
0.0000E-100
0.0000E-100
0.0000E-100
0.0000E-100
0.0000E-100
0.0000E-100
0.0000E-100
0.0000E-100
3.4587E-95
6.6760E-89
1.0352E-87
4.7800E-86
1.8359E-81
1.8359E-81
4.3162E-78
4.9824E-75
7.7885E-75
3.4175E-74
8.8275E-70
2.0364E-67
5.2832E-67
1.3816E-66
1.3476E-65
1.5436E-65
6.0913E-65
1.7568E-64
2.1911E-64
9.0747E-63
1.2539E-57
4.8986E-56
2.0940E-55
2.7417E-55
9.1298E-55
2.2757E-52
7.3605E-50
1.8597E-49
2.3867E-49
5.3435E-46
4.5749E-45
7.4407E-44
8.6648E-44
1.8592E-42
4.2207E-41
6.2241E-41
1.8756E-40
1.9501E-40
1.9501E-40
5.9298E-40
6.2878E-40
8.6259E-40
1.1125E-39
1.0729E-38
1.7912E-38
3.8295E-38
4.2456E-38
7.5225E-38
1.8651E-37
2.4491E-37
2.7803E-37
3.9418E-37
5.5703E-37
1.0142E-36
1.2157E-36
1.2157E-36
1.8007E-36
2.0124E-36
1.5770E-35
3.7994E-35
5.4244E-35
7.6491E-35
2.1191E-34
2.9214E-34
3.9243E-34
4.1807E-34
4.3601E-34
6.0757E-34
9.2501E-34
9.2501E-34
9.4512E-34
1.5989E-33
2.4280E-33
3.7947E-33
5.2313E-33
2.2152E-32
2.3629E-32
7.1857E-32
9.9507E-32
1.8077E-31
3.7883E-31
8.2029E-31
8.2029E-31
8.2088E-31
8.6664E-31
2.2020E-30
2.7284E-30
2.8714E-30
3.9720E-30
4.7966E-30
6.8437E-30
1.4989E-29
1.5154E-29
1.9394E-29
2.1407E-29
2.5628E-29
5.4553E-29
1.6087E-28
1.8475E-28
4.0120E-28
7.8832E-28
4.1765E-27
5.4823E-27
6.0671E-27
6.8440E-27
8.9165E-27
1.6539E-26
1.8482E-26
2.2439E-26
2.3296E-26
3.5667E-26
7.0651E-26
7.9286E-26
8.8873E-26
1.8305E-25
1.8796E-25
2.2169E-25
2.2593E-25
2.5640E-25
3.1022E-25
3.2184E-25
3.8180E-25
7.2873E-25
1.1703E-24
1.3736E-24
5.5923E-24
7.0600E-24
8.7437E-24
8.8912E-24
1.2295E-23
1.2295E-23
1.6639E-23
1.6896E-23
1.8114E-23
2.0497E-23
2.4122E-23
2.5590E-23
2.7798E-23
3.3144E-23
3.3943E-23
1.0955E-22
1.6748E-22
2.0861E-22
6.8953E-22
8.6089E-22
1.9934E-21
2.3024E-21
2.9347E-21
3.0958E-21
3.2294E-21
5.3632E-21
6.9537E-21
9.8863E-21
1.2657E-20
1.6363E-20
2.0712E-20
2.5310E-20
3.4226E-20
4.5273E-20
6.6502E-20
6.9761E-20
1.1685E-19
1.3860E-19
1.6321E-19
2.1734E-19
4.1089E-19
4.1089E-19
5.8093E-19
7.4617E-19
7.4617E-19
7.5568E-19
7.7613E-19
8.8901E-19
9.7514E-19
9.7986E-19
9.7986E-19
9.8899E-19
1.1423E-18
1.2843E-18
1.3184E-18
1.3762E-18
2.3840E-18
2.5795E-18
3.2093E-18
3.6825E-18
4.0479E-18
4.5858E-18
4.8086E-18
8.5771E-18
9.2334E-18
9.4792E-18
1.2464E-17
1.5561E-17
1.8967E-17
2.3134E-17
2.4328E-17
2.4328E-17
2.5119E-17
2.5444E-17
2.5444E-17
2.9512E-17
3.5207E-17
4.2779E-17
4.2779E-17
5.2516E-17
5.4598E-17
6.7581E-17
1.0951E-16
1.0951E-16
1.4395E-16
1.4395E-16
1.9699E-16
2.4394E-16
2.6072E-16
2.6108E-16
2.7711E-16
4.1609E-16
4.4448E-16
4.6297E-16
4.8135E-16
5.3595E-16
5.8745E-16
7.4726E-16
8.1992E-16
8.1992E-16
8.8425E-16
8.8425E-16
1.2169E-15
1.3658E-15
1.7188E-15
1.9800E-15
2.0018E-15
2.7507E-15
3.8824E-15
3.9349E-15
4.3741E-15
4.4098E-15
4.5480E-15
4.6736E-15
4.8642E-15
5.8318E-15
5.9992E-15
1.0591E-14
1.1031E-14
1.1607E-14
1.3203E-14
1.8593E-14
2.0808E-14
2.1730E-14
2.4036E-14
2.4878E-14
2.8045E-14
2.9758E-14
2.9758E-14
3.5206E-14
3.6043E-14
4.0738E-14
4.5633E-14
4.9058E-14
6.0178E-14
6.0508E-14
6.4210E-14
6.5886E-14
8.0585E-14
8.0585E-14
8.5834E-14
1.0143E-13
1.0809E-13
1.0920E-13
1.1657E-13
1.2740E-13
1.9856E-13
2.9795E-13
2.9796E-13
3.9352E-13
4.2836E-13
5.5592E-13
6.3723E-13
6.5843E-13
6.7331E-13
7.3347E-13
7.4761E-13
7.7142E-13
7.9562E-13
8.0066E-13
1.0512E-12
1.1837E-12
1.3585E-12
1.3974E-12
1.4121E-12
1.4359E-12
1.5675E-12
1.9269E-12
2.2061E-12
2.3313E-12
2.3796E-12
2.4914E-12
2.5545E-12
2.6578E-12
3.0247E-12
3.1680E-12
3.3946E-12
3.4371E-12
3.4383E-12
3.5899E-12
3.5899E-12
3.9081E-12
4.2813E-12
4.3980E-12
4.5343E-12
4.9139E-12
6.1242E-12
6.3623E-12
6.3623E-12
6.3685E-12
6.3685E-12
6.8552E-12
7.2746E-12
7.4136E-12
7.8365E-12
7.8365E-12
9.2262E-12
9.5747E-12
1.0439E-11
1.2565E-11
1.2732E-11
1.3996E-11
1.3996E-11
1.4371E-11
1.6073E-11
2.0385E-11
2.4373E-11
2.5923E-11
2.9024E-11
2.9509E-11
3.0398E-11
3.2798E-11
3.4848E-11
3.6442E-11
3.6442E-11
4.1642E-11
5.1246E-11
5.7473E-11
6.3395E-11
6.3765E-11
6.3956E-11
6.4060E-11
6.6444E-11
6.9800E-11
7.2323E-11
7.3158E-11
7.4436E-11
1.0244E-10
1.0244E-10
1.1676E-10
1.1676E-10
1.2387E-10
1.2478E-10
1.2678E-10
1.2999E-10
1.4351E-10
1.5912E-10
1.6547E-10
1.7988E-10
1.8486E-10
2.1009E-10
2.1151E-10
2.1177E-10
2.1225E-10
2.4257E-10
2.4785E-10
2.9539E-10
3.8517E-10
4.3238E-10
4.3535E-10
4.7459E-10
4.8612E-10
6.4333E-10
8.1707E-10
8.1707E-10
8.5488E-10
9.1954E-10
1.1002E-9
1.1981E-9
1.2026E-9
1.2026E-9
1.2331E-9
1.2746E-9
1.2757E-9
1.2840E-9
1.5153E-9
2.0436E-9
2.3712E-9
2.3752E-9
2.3752E-9
3.6172E-9
3.6241E-9
4.4666E-9
4.6871E-9
5.0099E-9
5.0099E-9
5.0534E-9
5.0534E-9
5.1307E-9
5.6733E-9
5.7181E-9
5.7348E-9
5.8764E-9
6.3399E-9
6.7150E-9
6.7549E-9
7.0112E-9
7.2021E-9
7.4480E-9
7.4480E-9
7.4653E-9
9.5698E-9
9.5698E-9
1.0373E-8
1.0373E-8
1.0808E-8
1.1413E-8
1.2057E-8
1.2535E-8
1.3579E-8
1.4074E-8
1.4191E-8
1.4446E-8
1.5707E-8
1.6647E-8
1.7641E-8
1.8048E-8
1.9653E-8
2.1689E-8
2.1737E-8
2.2834E-8
2.3441E-8
2.4241E-8
2.4241E-8
2.5007E-8
2.9931E-8
3.0256E-8
3.0278E-8
3.2504E-8
3.3488E-8
3.5506E-8
3.9567E-8
4.0501E-8
4.1221E-8
4.1221E-8
4.2753E-8
4.2753E-8
4.2921E-8
4.4987E-8
4.8030E-8
5.9585E-8
5.9756E-8
6.7750E-8
6.7750E-8
6.7944E-8
7.1412E-8
7.1412E-8
7.5322E-8
7.6195E-8
7.6195E-8
8.0373E-8
8.1099E-8
8.5527E-8
9.6696E-8
1.0211E-7
1.0967E-7
1.1160E-7
1.1165E-7
1.1177E-7
1.1619E-7
1.1627E-7
1.2070E-7
1.2293E-7
1.3116E-7
1.3379E-7
1.3379E-7
1.3488E-7
1.4267E-7
1.5175E-7
1.5175E-7
1.5321E-7
1.5779E-7
1.7508E-7
1.7584E-7
1.8657E-7
1.9114E-7
2.1394E-7
2.1401E-7
2.3929E-7
2.5519E-7
2.5523E-7
2.6424E-7
2.7159E-7
2.7608E-7
2.8468E-7
2.8468E-7
2.9477E-7
2.9522E-7
3.3601E-7
3.3728E-7
3.3907E-7
3.4261E-7
3.4446E-7
3.5853E-7
3.8606E-7
3.8606E-7
3.9367E-7
3.9402E-7
4.0097E-7
4.0816E-7
4.0869E-7
4.1936E-7
4.3348E-7
4.3348E-7
4.3488E-7
4.4528E-7
4.4742E-7
4.5547E-7
5.0593E-7
5.2418E-7
5.2418E-7
5.2447E-7
5.2447E-7
5.4093E-7
5.4828E-7
5.5008E-7
5.5674E-7
5.5871E-7
6.1623E-7
6.1816E-7
6.1816E-7
6.4977E-7
6.4977E-7
6.8736E-7
7.3271E-7
7.4081E-7
7.4854E-7
7.4896E-7
7.6830E-7
8.0123E-7
8.3133E-7
8.3782E-7
8.3782E-7
8.3782E-7
8.4694E-7
8.9593E-7
8.9593E-7
8.9593E-7
8.9593E-7
9.5569E-7
9.5569E-7
9.5569E-7
9.5569E-7
1.0126E-6
1.0441E-6
1.1137E-6
1.1137E-6
1.1137E-6
1.1513E-6
1.1987E-6
1.2129E-6
1.2298E-6
1.2298E-6
1.2476E-6
1.2476E-6
1.2893E-6
1.3853E-6
1.3901E-6
1.4532E-6
1.4648E-6
1.4648E-6
1.4648E-6
1.4923E-6
1.5119E-6
1.5303E-6
1.5625E-6
1.6538E-6
1.6959E-6
1.7216E-6
1.7399E-6
1.7399E-6
1.7399E-6
1.8159E-6
1.8181E-6
1.8189E-6
1.8909E-6
1.9424E-6
1.9562E-6
1.9562E-6
2.0173E-6
2.0218E-6
2.0218E-6
2.0218E-6
2.0231E-6
2.0877E-6
2.1062E-6
2.1062E-6
2.1062E-6
2.1062E-6
2.1062E-6
2.1467E-6
2.2257E-6
2.3405E-6
2.4234E-6
2.6867E-6
2.7257E-6
2.8372E-6
2.8755E-6
2.9386E-6
2.9449E-6
2.9449E-6
3.4003E-6
3.4003E-6
3.4495E-6
3.4495E-6
3.4495E-6
3.4495E-6
3.4495E-6
3.5447E-6
3.6655E-6
3.7617E-6
3.7789E-6
4.1977E-6
4.2215E-6
4.4490E-6
4.8137E-6
4.8137E-6
5.0297E-6
5.3749E-6
5.4222E-6
5.5303E-6
5.6184E-6
5.8402E-6
5.8402E-6
5.9316E-6
6.0299E-6
6.3807E-6
6.3807E-6
6.6224E-6
6.6224E-6
6.6224E-6
6.6224E-6
6.6224E-6
6.6224E-6
6.9077E-6
7.0274E-6
7.0274E-6
7.8110E-6
8.0046E-6
8.3990E-6
8.5054E-6
8.5054E-6
8.8368E-6
8.8368E-6
8.9513E-6
8.9513E-6
9.0588E-6
9.0588E-6
9.6232E-6
9.9856E-6
1.0069E-5
1.0967E-5
1.1604E-5
1.1604E-5
1.1663E-5
1.1883E-5
1.2025E-5
1.2403E-5
1.2476E-5
1.2591E-5
1.2591E-5
1.2591E-5
1.2591E-5
1.2763E-5
1.3368E-5
1.3731E-5
1.4338E-5
1.5150E-5
1.5223E-5
1.5223E-5
1.5330E-5
1.6691E-5
1.7092E-5
1.8328E-5
1.8602E-5
1.8790E-5
1.9279E-5
1.9279E-5
1.9279E-5
1.9279E-5
1.9279E-5
1.9279E-5
2.0012E-5
2.0350E-5
2.1053E-5
2.1053E-5
2.2171E-5
2.2675E-5
2.4048E-5
2.4048E-5
2.5360E-5
2.5452E-5
2.5452E-5
2.6466E-5
2.8879E-5
2.8879E-5
2.9606E-5
2.9606E-5
2.9606E-5
2.9606E-5
2.9606E-5
2.9606E-5
3.0714E-5
3.0714E-5
3.0714E-5
3.0714E-5
3.1055E-5
3.1637E-5
3.1688E-5
3.2213E-5
3.3452E-5
3.4333E-5
3.4333E-5
3.4768E-5
3.5839E-5
3.6061E-5
3.6185E-5
3.6185E-5
3.9882E-5
4.2612E-5
4.4224E-5
4.5423E-5
4.5423E-5
4.5423E-5
4.6861E-5
4.7832E-5
4.8027E-5
4.8027E-5
4.9747E-5
5.0900E-5
5.1478E-5
5.3733E-5
5.3846E-5
5.3846E-5
5.4064E-5
5.6568E-5
5.6568E-5
5.6568E-5
5.7629E-5
5.8970E-5
6.2968E-5
6.2968E-5
6.7986E-5
6.8435E-5
6.8435E-5
7.7030E-5
7.7030E-5
7.7288E-5
8.0632E-5
8.0632E-5
8.5399E-5
8.6228E-5
8.6228E-5
9.1476E-5
9.1476E-5
9.1476E-5
9.5320E-5
1.0551E-4
1.0597E-4
1.0597E-4
1.0597E-4
1.0597E-4
1.1007E-4
1.1007E-4
1.1089E-4
1.1344E-4
1.1344E-4
1.1344E-4
1.1344E-4
1.1417E-4
1.1417E-4
1.1468E-4
1.1794E-4
1.1794E-4
1.3266E-4
1.3266E-4
1.3326E-4
1.3326E-4
1.3326E-4
1.3326E-4
1.3326E-4
1.4249E-4
1.5259E-4
1.5404E-4
1.5899E-4
1.6112E-4
1.6112E-4
1.6112E-4
1.6112E-4
1.6112E-4
1.6112E-4
1.6112E-4
1.6112E-4
1.7167E-4
1.7167E-4
1.8002E-4
1.8256E-4
1.8790E-4
1.8829E-4
1.8829E-4
1.8992E-4
1.8992E-4
1.8992E-4
1.8992E-4
1.9925E-4
2.0100E-4
2.0100E-4
2.0100E-4
2.0882E-4
2.0882E-4
2.1026E-4
2.1251E-4
2.1251E-4
2.1251E-4
2.1251E-4
2.1251E-4
2.1567E-4
2.1567E-4
2.1567E-4
2.1567E-4
2.1567E-4
2.1567E-4
2.1567E-4
2.1622E-4
2.2064E-4
2.2110E-4
2.2405E-4
2.2405E-4
2.2630E-4
2.3479E-4
2.4447E-4
2.5027E-4
2.5027E-4
2.5330E-4
2.6409E-4
2.9916E-4
2.9916E-4
3.0108E-4
3.0108E-4
3.1940E-4
3.2308E-4
3.2308E-4
3.2361E-4
3.2729E-4
3.3870E-4
3.4281E-4
3.4295E-4
3.4295E-4
3.4589E-4
3.4589E-4
3.4936E-4
3.5258E-4
3.5258E-4
3.5483E-4
3.5812E-4
3.6821E-4
4.0351E-4
4.0546E-4
4.1655E-4
4.1655E-4
4.1655E-4
4.1658E-4
4.1658E-4
4.1658E-4
4.1658E-4
4.1658E-4
4.2247E-4
4.2692E-4
4.2692E-4
4.2692E-4
4.2692E-4
4.2692E-4
4.2799E-4
4.5427E-4
4.6103E-4
4.6666E-4
4.7622E-4
5.0892E-4
5.3968E-4
5.3968E-4
5.5325E-4
5.5325E-4
5.5325E-4
5.5991E-4
5.5991E-4
5.7810E-4
5.8821E-4
5.8821E-4
5.8821E-4
5.8821E-4
5.8821E-4
6.0710E-4
6.1361E-4
6.1790E-4
6.1790E-4
6.1790E-4
6.3749E-4
6.6263E-4
6.6877E-4
6.6877E-4
6.8062E-4
7.6652E-4
7.9787E-4
7.9787E-4
7.9787E-4
7.9787E-4
8.0051E-4
8.0051E-4
8.0051E-4
8.0051E-4
8.0051E-4
8.0051E-4
8.0051E-4
8.2356E-4
8.2356E-4
8.6366E-4
8.6366E-4
8.6366E-4
8.6366E-4
8.6366E-4
8.6366E-4
8.6366E-4
8.6366E-4
8.6366E-4
8.6366E-4
8.6590E-4
8.8902E-4
8.9120E-4
8.9832E-4
8.9832E-4
9.2224E-4
9.2224E-4
9.2224E-4
9.4363E-4
9.5033E-4
9.5033E-4
9.9730E-4
9.9844E-4
9.9844E-4
9.9844E-4
1.0008E-3
1.0071E-3
1.0332E-3
1.0517E-3
1.0697E-3
1.0697E-3
1.0697E-3
1.0706E-3
1.0727E-3
1.0727E-3
1.0727E-3
1.0727E-3
1.0727E-3
1.0727E-3
1.0727E-3
1.0727E-3
1.0727E-3
1.0727E-3
1.0727E-3
1.0727E-3
1.0822E-3
1.0822E-3
1.0822E-3
1.1036E-3
1.1036E-3
1.1036E-3
1.2021E-3
1.2339E-3
1.2339E-3
1.2829E-3
1.3533E-3
1.3533E-3
1.3981E-3
1.4363E-3
1.4691E-3
1.4691E-3
1.4691E-3
1.4877E-3
1.4877E-3
1.4877E-3
1.4877E-3
1.4883E-3
1.4883E-3
1.4883E-3
1.4883E-3
1.4883E-3
1.4883E-3
1.4883E-3
1.4883E-3
1.4883E-3
1.4883E-3
1.4883E-3
1.4962E-3
1.5681E-3
1.6242E-3
1.6242E-3
1.6368E-3
1.6711E-3
1.6711E-3
1.6984E-3
1.6984E-3
1.6984E-3
1.6984E-3
1.6984E-3
1.6984E-3
1.6984E-3
1.6984E-3
1.6984E-3
1.6984E-3
1.6984E-3
1.7132E-3
1.7175E-3
1.7317E-3
1.7317E-3
1.7317E-3
1.7446E-3
1.7446E-3
1.7834E-3
1.7834E-3
1.7834E-3
1.7834E-3
1.7834E-3
1.7834E-3
1.7834E-3
1.7834E-3
1.7834E-3
1.7834E-3
1.7834E-3
1.7837E-3
1.7837E-3
1.7837E-3
1.7837E-3
1.7837E-3
1.8442E-3
1.8442E-3
1.8442E-3
1.8442E-3
1.8442E-3
1.8442E-3
1.8442E-3
1.8442E-3
1.8442E-3
1.8442E-3
1.9770E-3
1.9902E-3
1.9902E-3
2.0114E-3
2.0165E-3
2.0221E-3
2.0221E-3
2.0221E-3
2.0221E-3
2.1092E-3
2.1763E-3
2.2545E-3
2.2865E-3
2.3263E-3
2.3454E-3
2.3454E-3
2.7219E-3
2.7577E-3
2.7577E-3
2.7577E-3
2.7577E-3
2.7577E-3
2.7577E-3
2.7577E-3
2.7577E-3
2.7577E-3
2.7601E-3
2.7601E-3
2.7601E-3
2.7601E-3
2.7601E-3
2.7601E-3
2.7601E-3
2.8847E-3
2.9868E-3
2.9868E-3
2.9910E-3
3.0006E-3
3.0348E-3
3.0550E-3
3.0550E-3
3.0550E-3
3.0550E-3
3.0550E-3
3.0550E-3
3.2025E-3
3.2025E-3
3.2025E-3
3.2025E-3
3.2025E-3
3.2025E-3
3.2025E-3
3.2025E-3
3.2025E-3
3.2025E-3
3.2025E-3
3.2384E-3
3.2384E-3
3.2656E-3
3.2656E-3
3.2656E-3
3.2918E-3
3.2918E-3
3.2918E-3
3.2918E-3
3.2918E-3
3.2918E-3
3.2918E-3
3.2918E-3
3.2918E-3
3.2918E-3
3.2918E-3
3.2918E-3
3.2918E-3
3.2918E-3
3.2918E-3
3.3492E-3
3.3492E-3
3.4785E-3
3.4785E-3
3.4785E-3
3.5031E-3
3.5031E-3
3.6831E-3
3.7676E-3
3.7868E-3
3.8458E-3
3.8458E-3
3.8458E-3
3.8458E-3
4.2945E-3
4.2945E-3
4.2945E-3
4.2945E-3
4.2945E-3
4.4082E-3
4.5180E-3
4.5180E-3
4.5180E-3
4.5180E-3
4.7829E-3
4.9180E-3
5.0106E-3
5.0911E-3
5.0911E-3
5.0911E-3
5.0911E-3
5.0911E-3
5.0911E-3
5.0911E-3
5.0911E-3
5.0911E-3
5.0911E-3
5.0911E-3
5.0911E-3
5.0911E-3
5.0911E-3
5.0911E-3
5.0911E-3
5.0911E-3
5.0911E-3
5.0911E-3
5.0911E-3
5.0911E-3
5.0911E-3
5.0911E-3
5.1763E-3
5.1763E-3
5.2436E-3
5.3329E-3
5.3870E-3
5.3870E-3
5.4084E-3
5.4084E-3
5.4084E-3
5.4084E-3
5.4491E-3
5.5037E-3
5.5238E-3
5.5238E-3
5.5238E-3
5.5238E-3
5.5238E-3
5.5238E-3
5.5238E-3
5.6229E-3
5.6229E-3
5.6229E-3
5.6229E-3
5.6229E-3
5.6229E-3
5.8236E-3
5.9021E-3
6.1527E-3
6.1891E-3
6.1891E-3
6.1891E-3
6.1891E-3
6.3308E-3
6.5000E-3
6.5000E-3
6.5000E-3
6.5000E-3
6.5000E-3
6.5000E-3
6.5000E-3
6.5000E-3
6.5000E-3
6.5000E-3
6.5000E-3
6.5000E-3
6.5000E-3
6.5000E-3
6.5984E-3
6.5984E-3
6.5984E-3
6.5984E-3
6.6796E-3
6.8683E-3
6.8683E-3
6.9880E-3
7.2977E-3
7.2977E-3
7.2977E-3
7.2977E-3
7.2977E-3
7.3616E-3
7.3616E-3
7.3616E-3
7.3616E-3
7.4261E-3
7.4261E-3
7.6823E-3
7.7489E-3
7.8104E-3
7.9912E-3
8.1165E-3
8.1332E-3
8.1332E-3
8.2844E-3
8.4703E-3
8.4703E-3
8.4703E-3
8.4703E-3
8.6478E-3
8.7765E-3
8.8091E-3
8.8091E-3
9.2040E-3
9.3507E-3
9.3507E-3
9.3507E-3
9.3507E-3
9.3507E-3
9.3507E-3
9.3507E-3
9.3507E-3
9.3507E-3
9.3507E-3
9.3507E-3
9.3507E-3
9.3507E-3
9.3507E-3
9.3507E-3
9.4284E-3
9.4284E-3
9.4284E-3
9.7638E-3
9.8778E-3
9.8893E-3
9.8893E-3
9.8893E-3
9.8893E-3
9.8893E-3
9.8893E-3
9.8893E-3
9.8893E-3
9.8893E-3
9.8893E-3
9.8893E-3
9.8893E-3
9.8893E-3
1.0178E-2
1.0277E-2
1.0484E-2
1.0826E-2
1.1113E-2
1.1144E-2
1.1144E-2
1.1197E-2
1.1857E-2
1.1857E-2
1.1857E-2
1.1857E-2
1.1857E-2
1.1857E-2
1.1857E-2
1.1857E-2
1.1893E-2
1.2459E-2
1.2723E-2
1.2723E-2
1.2723E-2
1.2723E-2
1.2723E-2
1.2723E-2
1.2723E-2
1.2723E-2
1.2723E-2
1.2723E-2
1.2723E-2
1.2723E-2
1.2723E-2
1.2723E-2
1.2723E-2
1.2723E-2
1.2723E-2
1.2723E-2
1.2723E-2
1.2723E-2
1.2723E-2
1.2723E-2
1.2723E-2
1.2723E-2
1.2723E-2
1.2723E-2
1.2723E-2
1.2723E-2
1.2723E-2
1.2723E-2
1.3753E-2
1.3753E-2
1.3753E-2
1.3839E-2
1.3839E-2
1.3839E-2
1.3839E-2
1.3839E-2
1.3839E-2
1.3967E-2
1.3967E-2
1.4952E-2
1.4952E-2
1.5579E-2
1.5579E-2
1.5579E-2
1.5579E-2
1.5655E-2
1.5689E-2
1.5689E-2
1.5952E-2
1.5952E-2
1.5952E-2
1.5952E-2
1.7023E-2
1.7023E-2
1.7023E-2
1.7023E-2
1.7023E-2
1.7023E-2
1.7023E-2
1.7023E-2
1.7023E-2
1.7023E-2
1.7023E-2
1.7023E-2
1.7023E-2
1.7023E-2
1.7023E-2
1.7023E-2
1.7023E-2
1.7023E-2
1.7023E-2
1.7172E-2
1.7172E-2
1.7172E-2
1.7172E-2
1.7172E-2
1.7172E-2
1.7172E-2
1.7172E-2
1.7172E-2
1.7172E-2
1.7172E-2
1.7172E-2
1.7172E-2
1.7175E-2
1.7232E-2
1.7232E-2
1.7232E-2
1.7548E-2
1.7615E-2
1.7615E-2
1.7615E-2
1.8680E-2
1.8680E-2
1.8680E-2
1.8687E-2
1.8687E-2
1.8687E-2
1.8687E-2
1.8687E-2
1.8687E-2
1.9290E-2
1.9290E-2
1.9290E-2
1.9290E-2
1.9290E-2
1.9290E-2
1.9290E-2
1.9733E-2
1.9984E-2
2.1895E-2
2.1895E-2
2.2532E-2
2.2578E-2
2.2578E-2
2.2578E-2
2.2578E-2
2.2578E-2
2.2578E-2
2.2578E-2
2.2578E-2
2.2578E-2
2.2578E-2
2.2578E-2
2.2578E-2
2.2578E-2
2.2865E-2
2.3353E-2
2.3647E-2
2.3647E-2
2.3647E-2
2.4174E-2
2.4191E-2
2.4191E-2
2.4191E-2
2.4668E-2
2.4668E-2
2.4668E-2
2.4668E-2
2.4668E-2
2.4668E-2
2.4668E-2
2.4668E-2
2.4668E-2
2.4668E-2
2.4668E-2
2.4668E-2
2.4668E-2
2.4668E-2
2.4668E-2
2.4668E-2
2.4668E-2
2.4668E-2
2.4668E-2
2.4668E-2
2.4668E-2
2.4668E-2
2.4668E-2
2.4668E-2
2.4668E-2
2.4668E-2
2.4668E-2
2.4668E-2
2.4668E-2
2.4668E-2
2.4668E-2
2.4668E-2
2.4668E-2
2.4668E-2
2.4668E-2
2.4837E-2
2.4941E-2
2.5936E-2
2.5936E-2
2.5936E-2
2.5936E-2
2.5936E-2
2.5936E-2
2.5936E-2
2.5936E-2
2.5936E-2
2.5936E-2
2.5936E-2
2.5936E-2
2.5936E-2
2.5936E-2
2.5936E-2
2.5936E-2
2.5936E-2
2.6021E-2
2.6961E-2
2.6961E-2
2.7386E-2
2.7386E-2
2.8127E-2
2.8278E-2
2.8278E-2
2.8707E-2
2.8707E-2
2.8893E-2
2.8893E-2
2.8893E-2
2.8893E-2
2.8893E-2
2.8893E-2
2.8893E-2
2.8893E-2
2.8893E-2
2.8893E-2
2.8893E-2
2.8893E-2
2.8893E-2
2.8893E-2
2.8893E-2
2.8893E-2
2.8893E-2
2.8893E-2
2.8893E-2
2.8893E-2
2.8893E-2
2.8893E-2
2.8893E-2
2.8893E-2
2.8893E-2
2.8893E-2
2.8893E-2
2.8893E-2
2.8893E-2
2.8893E-2
2.8893E-2
2.8919E-2
2.9480E-2
2.9480E-2
2.9480E-2
2.9480E-2
2.9480E-2
2.9480E-2
2.9480E-2
2.9480E-2
2.9480E-2
2.9480E-2
2.9480E-2
2.9480E-2
2.9480E-2
2.9480E-2
2.9480E-2
2.9480E-2
2.9480E-2
2.9480E-2
2.9480E-2
2.9480E-2
2.9480E-2
2.9480E-2
2.9480E-2
2.9480E-2
2.9480E-2
2.9480E-2
3.0400E-2
3.0836E-2
3.0836E-2
3.0885E-2
3.0885E-2
3.0885E-2
3.3479E-2
3.4173E-2
3.4173E-2
3.4173E-2
3.4173E-2
3.4327E-2
3.4327E-2
3.4327E-2
3.5100E-2
3.5100E-2
3.5100E-2
3.5100E-2
3.5100E-2
3.5100E-2
3.5100E-2
3.5100E-2
3.5309E-2
3.5364E-2
3.5401E-2
3.5847E-2
3.5847E-2
3.5847E-2
3.5847E-2
3.5847E-2
3.7354E-2
3.7611E-2
3.7611E-2
3.9361E-2
3.9830E-2
3.9964E-2
4.2537E-2
4.2537E-2
4.2537E-2
4.2537E-2
4.2537E-2
4.2537E-2
4.2537E-2
4.2537E-2
4.2537E-2
4.2537E-2
4.2537E-2
4.2537E-2
4.2537E-2
4.3672E-2
4.4179E-2
4.4179E-2
4.5107E-2
4.5494E-2
4.5494E-2
4.5494E-2
4.5617E-2
4.6282E-2
4.6282E-2
4.6282E-2
4.6282E-2
4.6282E-2
4.6282E-2
4.6282E-2
4.6282E-2
4.6282E-2
4.6282E-2
4.6282E-2
4.6282E-2
4.6282E-2
4.6282E-2
4.6282E-2
4.6282E-2
4.6282E-2
4.6282E-2
4.6282E-2
4.6282E-2
4.6282E-2
4.6282E-2
4.6282E-2
4.6282E-2
4.6282E-2
4.6282E-2
4.6282E-2
4.6282E-2
4.6282E-2
4.6282E-2
4.6282E-2
4.6282E-2
4.6282E-2
4.6282E-2
4.6282E-2
4.6282E-2
4.6282E-2
4.6282E-2
4.6282E-2
4.6282E-2
4.6282E-2
4.6282E-2
4.6282E-2
4.6282E-2
4.6282E-2
4.6282E-2
4.6282E-2
4.6282E-2
4.6282E-2
4.6282E-2
4.6282E-2
4.6282E-2
4.6282E-2
4.6282E-2
4.6282E-2
4.6282E-2
4.6282E-2
4.6282E-2
4.6282E-2
4.6282E-2
4.6282E-2
4.6282E-2
4.6282E-2
4.6282E-2
4.6282E-2
4.6282E-2
4.6282E-2
4.6282E-2
4.6282E-2
4.6797E-2
4.7324E-2
4.7780E-2
4.7780E-2
4.7780E-2
4.7780E-2
4.7780E-2
4.7780E-2
4.7780E-2
4.7780E-2
4.7780E-2
4.7780E-2
4.7780E-2
4.7780E-2
4.7780E-2
4.7780E-2
4.7780E-2
4.7780E-2
4.7780E-2
4.8846E-2
4.9039E-2
4.9039E-2
4.9039E-2
4.9039E-2
4.9039E-2
4.9039E-2
4.9039E-2
